place(13.872, 0.970, -15.535, "Trapper", 0)
upgrade(13.872, 2.320, -15.535, 0)
upgrade(13.872, 2.320, -15.535, 0)
upgrade(13.872, 2.320, -15.535, 0)
upgrade(13.872, 2.320, -15.535, 0)
SetTrap(13.872, 2.320, -15.535, "Landmine", 0)
place(13.877, 0.970, -18.742, "Trapper", 0)
upgrade(13.877, 2.320, -18.742, 0)
upgrade(13.877, 2.320, -18.742, 0)
upgrade(13.877, 2.320, -18.742, 0)
upgrade(13.877, 2.320, -18.742, 0)
SetTrap(13.877, 2.320, -18.742, "Bear Traps", 0)
place(14.169, 0.970, -21.769, "Trapper", 0)
upgrade(14.169, 2.320, -21.769, 0)
upgrade(14.169, 2.320, -21.769, 0)
upgrade(14.169, 2.320, -21.769, 0)
upgrade(14.169, 2.320, -21.769, 0)
place(17.767, 0.970, -21.326, "Medic", 0)
upgrade(17.767, 2.338, -21.326, 0)
upgrade(17.767, 2.338, -21.326, 0)
upgrade(17.767, 2.338, -21.326, 0)
upgrade(17.767, 2.338, -21.326, 0)
upgrade(17.767, 2.338, -21.326, 0)
ToggleMedic(17.767, 2.338, -21.326, 14.169, 2.320, -21.769, 0)
ToggleMedic(17.767, 2.338, -21.326, 13.877, 2.320, -18.742, 0)
ToggleMedic(17.767, 2.338, -21.326, 13.872, 2.320, -15.535, 0)
Ubercharge(17.767, 2.338, -21.326, 0)
place(9.158, 0.970, -23.443, "DJ Booth", 0)
upgrade(9.158, 2.335, -23.443, 0)
upgrade(9.158, 2.335, -23.443, 0)
upgrade(9.158, 2.335, -23.443, 0)
upgrade(9.158, 2.335, -23.443, 0)
upgrade(9.158, 2.335, -23.443, 0)
SetDjTrack(9.158, 2.335, -23.443, "Green", 0)
DropTheBeat(9.158, 2.335, -23.443, 0)
place(10.672, 0.970, -19.084, "Commander", 0)
upgrade(10.672, 2.670, -19.084, 0)
upgrade(10.672, 2.670, -19.084, 0)
upgrade(10.672, 2.670, -19.084, 0)
upgrade(10.672, 2.670, -19.084, 0)
CommanderAbility(10.672, 2.670, -19.084, 0)
place(18.073, 0.970, -17.429, "Mercenary Base", 0)
place(16.525, 0.970, -12.472, "Mercenary Base", 0)
place(11.659, 0.970, -10.864, "Mercenary Base", 0)
upgrade(18.073, 3.439, -17.429, 0)
upgrade(18.073, 3.439, -17.429, 0)
upgrade(18.073, 3.439, -17.429, 0)
upgrade(18.073, 3.439, -17.429, 0)
upgrade(18.073, 3.439, -17.429, 0)
upgrade(18.073, 3.439, -17.429, 0)
SetMercenaryUnit(18.073, 3.439, -17.429, "Unit 1", "Riot Guard", 0)
SetMercenaryUnit(18.073, 3.439, -17.429, "Unit 2", "Field Medic", 0)
SetMercenaryUnit(18.073, 3.439, -17.429, "Unit 3", "Grenadier", 0)
upgrade(16.525, 3.439, -12.472, 0)
upgrade(16.525, 3.439, -12.472, 0)
upgrade(16.525, 3.439, -12.472, 0)
upgrade(16.525, 3.439, -12.472, 0)
upgrade(16.525, 3.439, -12.472, 0)
SetMercenaryUnit(16.525, 3.439, -12.472, "Unit 1", "Grenadier", 0)
SetMercenaryUnit(16.525, 3.439, -12.472, "Unit 2", "Field Medic", 0)
upgrade(16.525, 3.439, -12.472, 0)
SetMercenaryUnit(16.525, 3.439, -12.472, "Unit 3", "Riot Guard", 0)
